$ANSIBLE_VAULT;1.1;AES256
38376136363362333635643334653630613436636131643432646231316462303136646534323234
6465653566343566656366333061383965616439613162350a343536363136393431373838633237
39633462323430626334393661336239383034306134613038306262633863643931663932306438
3735343731393532340a633463353937383361386361393264383237333663666330626133616139
32323938613134353631376434383065393738343164616435633839366631363732323132303265
33323535613635393035613532396130363166326163336532656238643437666261333636623564
66363965316337333264386235353432336335663032313863396431326635306465653032396664
66613161376231366336653038363032366562333435363237633961663863343333363232356235
31383664626437363731376365343637623938656235306162386139343865333363346366613166
32653338366136613731326163616666396137383432303034353636613266353039383134626434
37353966316264366638616263323463373465626437303138343465613238626562346335343161
30336239323437666633303239623730346430356637633230393034626433653564653735613833
38353736656437656637393131663364373135323038376137616264663836323335636231303938
63626138653763666131633732303335663033383962653530376431373838666335346134393633
31346239306662383465613734336663376337336539336438653562616564363733313236356234
61653631326434303437353631356638373239383066646530363763396335343230653132373735
35666435306262643933636462313033333334636239326661326665306564333332636236366263
30396533313133653564663638633637333736336163313337333865653833376433653437306338
61333834346332353564396464303531663839626462666633333535306164346363343964626266
36356565656664633230643735623433386363643433666464346532613462336437343337396664
61363761366431383363333339373030616439323065616462663038653238636364376234623336
31616238336339313634393035653630343637313933613231363232646535343837613236653337
38316134333431646334633531333434313062353831363963333062636137396231306365333538
32316138666566633235373261366639326232373136626332656364363963336138363139323130
62643035646335353835666437313962393439376166323238386130343533303531
