$ANSIBLE_VAULT;1.1;AES256
37333361623061393036646566326634323263653333313036626362653932346465383434383937
3563353134333834383362383938303065363039643636660a633862353763373236376131346166
34306361616262373162643037376132373139353962626331636461663931633830383464383632
3635306236623332640a323863306131643565336665343837623436323065313536366438346561
34663139333932653131323566313134656438303864393334666632363731346130653036666335
64613833316532393766643735303362376435383466653033303266316266316135386339353339
63663664366233396538386331363663376632653832376639346635356238303164303437643431
34383739623736363332363633613465323535303734653435366162623965393739346133626437
32626437633636306230333238613963643434663861396665653933643836366138346330336466
36353063313031303139326532613239653834616434376262373139666563386434383234616437
61343666316135613362316162376631646439653136653634366635306534666663323337323138
34653463623062333332303866616637616139346661656535323861623630306532336438663364
38623637646236353630643639626365383833353962653637636537636639613932306466323163
32653332313438623261303364343635313365326237643039326564376439383638633737376536
63356637396236646630303663383432373664346666313230346633626362396438616137396437
37653338376564343461363235353534633764396136353931316232363662366234373236373137
31313232363430616266663164373065363262346435396433626231666539663535636661353734
64613262613435356239306265396665643338613235613662303961653431636362326435366461
64303464666665383338383337383839646430333635656261616135656138656463653765366261
64656633373863326366663930643530636632623539386333383439343431383765626134303137
31383965326534373331306265613938386334653062326136333238396636663132356637623462
38353765613533633733366465353933653464653733643663313963303261396336383066333334
61663538323730363537633365373933353162656163633232373461666365386634656363616136
34626165353935663833636362313038623466383366353539613736343238663337373930383035
31633830623966353733336663303933623331643433636336303362623934326632326565383132
65623335313230623339633734356231396438623166313164333365623034396632373234303932
30653562383538313666396462646337663133613035356635633061636538383036613665396336
37643335353137643830
