$ANSIBLE_VAULT;1.1;AES256
64303531346339383662313738346635623639666436646661306362353638313631623463653034
3538663463313133373563666466396463333034333935620a313863383630623037616461356237
34633461386365633066353639346164663262643934613139396165623365626531663164373664
3738666231313833660a343839323662353566643566356335333566623633653031646633313833
61366331336434373635366363306666343666313563666535313937376433313834623635636137
62616337666335313830613139643439316337393138656233343563613861323066306237313665
35643532613766643661383138373137303034636363613934343634336236393466613736373536
64636135393838343035353564623635626132303132386130383833393966366232366139643430
63396634386130356534383964646636326263613937393430303931333463376137663433336339
64383936373934623365636165656431636334376130663436623365333939353061666531313733
39616633343065323536333364326663353432656539356465373333333533363765633365613530
34656138323434636163666337386264306165643034653363306464383865313531336336393134
63366237323331613864386130336435373336626435323666623733356564303931376666643933
38633532323761633535313134336163376461636363353663366662336461633636663136623666
32613362366131376239666430313163636632383364313961646439336132303162663964353931
66366166613565346538643838666364613637353239376531623934663163386633623066363037
36633162306133303630313561646364343264316166636332623964353834303639373366636563
31633239336264326435336662653464613666336238376439663332316638396161643035353062
32376538633963343930386636643535343134353531336362333861373034613431633338613866
63633730396631616434643236313637613632613930353530366638393836633137376162373335
34313133623932386133663836326436616139396238663331346130626565383939653134333534
36643564343230646130313566333938643337363839303061363436306233646665663736313738
66326162613536626466626537393739393436636166393264633531613166343964356239626165
63613466346464626636343234306632306663623933303234636462316638303162666439643038
62623533306563656361393665373263623566626436343464633766303861623664613565343233
35653536656163653038316331386133356466613635343863393938633630616331383636383932
62353861353439393332666238316134323931396434333066303537303162643162643438303233
31313863633065633030343533323562333866333766373061666134663137353335633838326437
6131
